x
6.420000000000000000e+02
6.495072076251800581e+02
6.582690888076112969e+02
6.708221032240494424e+02
6.991412485298847059e+02
7.177429436191343939e+02
7.370066669922529172e+02
7.604270749133931986e+02
7.724629887122542868e+02
7.842890849698557076e+02
7.925978128899498643e+02
8.017701979242820016e+02
8.139458847122223233e+02
8.327695541702501032e+02
8.493826766177178342e+02
8.580000000000000000e+02
8.560000000000000000e+02
8.530000000000000000e+02
8.595495144550689020e+02
8.797290276924986756e+02
8.880000000000000000e+02
y
2.150000000000000000e+02
2.330144152503600878e+02
2.498072664228339761e+02
2.648221032240493855e+02
2.747546424371099079e+02
2.770928679523917708e+02
2.770000000000000000e+02
2.664296938149551011e+02
2.508425282193643113e+02
2.297772875753606456e+02
2.080109355502508492e+02
1.894596041514359115e+02
1.745270576438888099e+02
1.742565180567500533e+02
1.931769021569570555e+02
2.097668294995768008e+02
2.270000000000000000e+02
2.440000000000000000e+02
2.615495144550689020e+02
2.660000000000000000e+02
2.650000000000000000e+02
